This is the header...
01:Mc 02:Mc from bootstrap 03:Mc bootstrap uncertainties 04:Longitude 5:Latitude 
06: b-val 07: b-val error 08: b-val from bootstrap 09: bval bootstrap uncertainties 
10: a-values 11:a-values from bootstap 12: a-values uncertainties 13:Mmax 14: N of events 
1.200 1.473 0.126 -112.7000   41.6000 0.957 0.146 0.848 0.155 2.847 2.629 0.249 3.0 0050 
 1.200 1.451 0.106 -112.6000   41.6000 0.969 0.148 0.849 0.166 2.871 2.632 0.251 3.0 0051 
 0.800 1.159 0.123 -112.6000   42.0000 0.675 0.081 0.678 0.105 2.296 2.272 0.135 3.0 0057 
 0.800 1.177 0.131 -112.6000   42.1000 0.662 0.081 0.671 0.109 2.262 2.250 0.150 3.0 0054 
 0.800 1.175 0.145 -112.6000   42.2000 0.672 0.087 0.660 0.117 2.245 2.203 0.157 3.0 0051 
 1.200 1.471 0.124 -112.5000   41.6000 0.969 0.148 0.853 0.190 2.871 2.626 0.299 3.0 0051 
 1.200 1.476 0.128 -112.5000   41.7000 0.957 0.146 0.841 0.164 2.847 2.613 0.274 3.0 0050 
 0.800 1.169 0.143 -112.5000   42.0000 0.675 0.081 0.679 0.105 2.296 2.280 0.132 3.0 0057 
 0.800 1.173 0.140 -112.5000   42.1000 0.666 0.084 0.682 0.120 2.249 2.243 0.158 3.0 0052 
 0.800 1.168 0.135 -112.5000   42.2000 0.672 0.087 0.657 0.110 2.245 2.199 0.148 3.0 0051 
 1.200 1.466 0.120 -112.4000   41.7000 0.957 0.146 0.859 0.187 2.847 2.653 0.285 3.0 0050 
 0.800 1.145 0.126 -112.4000   42.0000 0.685 0.085 0.693 0.124 2.296 2.288 0.148 3.0 0056 
 0.800 1.168 0.160 -112.4000   42.1000 0.666 0.084 0.674 0.118 2.249 2.239 0.153 3.0 0052 
 0.800 1.168 0.140 -112.4000   42.2000 0.670 0.089 0.658 0.112 2.235 2.184 0.147 3.0 0050 
 1.200 1.443 0.102 -112.3000   41.7000 1.018 0.164 0.867 0.199 2.930 2.628 0.304 3.0 0051 
 0.800 1.151 0.123 -112.3000   42.0000 0.690 0.082 0.699 0.107 2.323 2.322 0.128 3.0 0059 
 0.800 1.178 0.163 -112.3000   42.1000 0.657 0.079 0.680 0.116 2.258 2.268 0.156 3.0 0054 
 1.200 1.459 0.107 -112.2000   41.5000 1.103 0.150 1.064 0.208 3.064 2.989 0.323 3.0 0055 
 0.800 1.193 0.167 -112.2000   42.0000 0.673 0.077 0.704 0.101 2.317 2.343 0.128 3.0 0060 
 0.800 1.221 0.181 -112.2000   42.1000 0.643 0.079 0.644 0.113 2.231 2.213 0.212 3.0 0052 
 0.900 1.202 0.094 -112.1000   41.9000 0.744 0.079 0.734 0.094 2.539 2.522 0.122 3.0 0074 
 0.800 1.239 0.199 -112.1000   42.0000 0.621 0.069 0.682 0.186 2.253 2.350 0.454 3.0 0057 
 0.900 1.199 0.089 -112.0000   41.7000 0.965 0.127 1.015 0.195 2.609 2.663 0.258 3.0 0055 
 0.900 1.204 0.068 -112.0000   41.9000 0.714 0.076 0.758 0.103 2.482 2.536 0.128 3.0 0069 
 0.900 1.205 0.110 -112.0000   42.0000 0.709 0.080 0.704 0.101 2.444 2.422 0.127 3.0 0064 
 0.900 1.225 0.163 -111.9000   41.8000 0.838 0.089 0.942 0.156 2.574 2.718 0.215 3.0 0066 
 0.900 1.205 0.124 -111.9000   41.9000 0.816 0.089 0.880 0.149 2.527 2.619 0.217 3.0 0062 
 0.900 1.239 0.169 -111.9000   42.0000 0.770 0.082 0.851 0.140 2.499 2.617 0.210 3.0 0064 
 0.900 1.183 0.128 -111.8000   41.7000 0.992 0.112 1.061 0.162 2.656 2.743 0.227 2.6 0058 
 0.900 1.215 0.162 -111.8000   41.8000 0.806 0.088 0.873 0.141 2.511 2.612 0.214 3.0 0061 
 0.900 1.237 0.202 -111.8000   41.9000 0.769 0.084 0.853 0.279 2.477 2.605 0.545 3.0 0061 
 0.900 1.258 0.209 -111.8000   42.0000 0.762 0.079 0.870 0.143 2.499 2.667 0.220 3.0 0065 
 0.900 1.229 0.195 -111.7000   41.7000 0.957 0.107   NaN   NaN 2.610   NaN   NaN 2.6 0056 
 